"CHELSA_bio10_01","CHELSA_bio10_04","CHELSA_bio10_12","CHELSA_bio10_15","taxon"
279,1573,1554,103,"Pseudoferania polylepis"
263,2840,943,116,"Pseudoferania polylepis"
233,2052,1248,110,"Pseudoferania polylepis"
277,1888,1382,115,"Pseudoferania polylepis"
265,1480,1426,101,"Pseudoferania polylepis"
249,2395,847,113,"Pseudoferania polylepis"
268,2405,924,106,"Pseudoferania polylepis"
262,1763,1117,113,"Pseudoferania polylepis"
261,2607,879,110,"Pseudoferania polylepis"
262,2370,1263,110,"Pseudoferania polylepis"
226,3365,782,108,"Pseudoferania polylepis"
244,2350,4413,62,"Pseudoferania polylepis"
255,2029,1290,113,"Pseudoferania polylepis"
229,3430,596,91,"Pseudoferania polylepis"
227,3395,629,104,"Pseudoferania polylepis"
211,3449,732,105,"Pseudoferania polylepis"
261,1888,1536,109,"Pseudoferania polylepis"
233,2269,1035,109,"Pseudoferania polylepis"
272,2788,860,111,"Pseudoferania polylepis"
279,1925,1186,109,"Pseudoferania polylepis"
262,2246,1017,115,"Pseudoferania polylepis"
222,2725,2835,86,"Pseudoferania polylepis"
271,2542,822,110,"Pseudoferania polylepis"
268,2889,760,124,"Pseudoferania polylepis"
265,3564,674,119,"Pseudoferania polylepis"
267,1710,1226,112,"Pseudoferania polylepis"
270,3247,706,122,"Pseudoferania polylepis"
232,2905,771,112,"Pseudoferania polylepis"
261,2149,1198,110,"Pseudoferania polylepis"
264,2824,800,120,"Pseudoferania polylepis"
255,1922,1170,115,"Pseudoferania polylepis"
270,1450,1761,123,"Pseudoferania polylepis"
227,3492,636,95,"Pseudoferania polylepis"
261,2464,1021,109,"Pseudoferania polylepis"
268,2486,971,118,"Pseudoferania polylepis"
260,1915,1090,113,"Pseudoferania polylepis"
258,1322,1485,111,"Pseudoferania polylepis"
257,2034,1165,108,"Pseudoferania polylepis"
270,3336,681,121,"Pseudoferania polylepis"
266,2458,897,118,"Pseudoferania polylepis"
256,2079,1124,105,"Pseudoferania polylepis"
265,2694,817,109,"Pseudoferania polylepis"
271,2988,794,110,"Pseudoferania polylepis"
258,1686,1314,116,"Pseudoferania polylepis"
270,1142,1746,121,"Pseudoferania polylepis"
261,1305,1612,117,"Pseudoferania polylepis"
266,2402,980,116,"Pseudoferania polylepis"
257,547,2949,42,"Pseudoferania polylepis"
271,1308,1460,105,"Pseudoferania polylepis"
264,2871,874,122,"Pseudoferania polylepis"
259,2326,949,112,"Pseudoferania polylepis"
224,3459,668,90,"Pseudoferania polylepis"
273,2741,904,114,"Pseudoferania polylepis"
262,1144,1718,112,"Pseudoferania polylepis"
250,1411,1468,108,"Pseudoferania polylepis"
261,824,1722,53,"Pseudoferania polylepis"
262,2771,804,118,"Pseudoferania polylepis"
257,769,2203,47,"Pseudoferania polylepis"
188,2509,1946,68,"Pseudoferania polylepis"
278,1844,1548,103,"Pseudoferania polylepis"
278,1806,1348,102,"Pseudoferania polylepis"
267,2924,843,113,"Pseudoferania polylepis"
238,2782,972,111,"Pseudoferania polylepis"
209,2432,1376,89,"Pseudoferania polylepis"
259,784,1864,56,"Pseudoferania polylepis"
227,2398,1085,99,"Pseudoferania polylepis"
274,2554,900,110,"Pseudoferania polylepis"
265,1737,1364,107,"Pseudoferania polylepis"
256,779,2264,50,"Pseudoferania polylepis"
271,2976,806,110,"Pseudoferania polylepis"
277,1755,1638,104,"Pseudoferania polylepis"
262,2865,789,120,"Pseudoferania polylepis"
268,2482,894,109,"Pseudoferania polylepis"
269,2764,845,123,"Pseudoferania polylepis"
261,2693,842,119,"Pseudoferania polylepis"
275,2246,1073,112,"Pseudoferania polylepis"
273,1561,1281,110,"Pseudoferania polylepis"
243,2304,1840,91,"Pseudoferania polylepis"
272,1428,1387,105,"Pseudoferania polylepis"
267,2931,804,125,"Pseudoferania polylepis"
259,2093,1513,109,"Pseudoferania polylepis"
270,3141,767,123,"Pseudoferania polylepis"
259,1260,1605,97,"Pseudoferania polylepis"
269,2419,962,109,"Pseudoferania polylepis"
268,1679,1431,122,"Pseudoferania polylepis"
259,1486,1359,113,"Pseudoferania polylepis"
277,1823,1412,114,"Pseudoferania polylepis"
241,2386,781,114,"Pseudoferania polylepis"
260,2058,1051,117,"Pseudoferania polylepis"
263,2045,1075,116,"Pseudoferania polylepis"
254,2247,1184,108,"Pseudoferania polylepis"
271,2973,862,109,"Pseudoferania polylepis"
259,2005,1064,118,"Pseudoferania polylepis"
259,3181,743,121,"Pseudoferania polylepis"
278,1984,1259,109,"Pseudoferania polylepis"
270,1992,1267,124,"Pseudoferania polylepis"
266,1662,1371,120,"Pseudoferania polylepis"
248,3053,1086,100,"Pseudoferania polylepis"
265,2354,920,105,"Pseudoferania polylepis"
266,2418,904,110,"Pseudoferania polylepis"
269,2470,992,118,"Pseudoferania polylepis"
263,2935,711,118,"Pseudoferania polylepis"
259,2644,859,117,"Pseudoferania polylepis"
264,2586,1276,121,"Pseudoferania polylepis"
261,2997,793,122,"Pseudoferania polylepis"
264,2257,953,103,"Pseudoferania polylepis"
256,570,6222,14,"Pseudoferania polylepis"
253,2068,925,113,"Pseudoferania polylepis"
254,2202,1173,107,"Pseudoferania polylepis"
252,1782,1264,113,"Pseudoferania polylepis"
261,2972,893,120,"Pseudoferania polylepis"
257,2481,1118,113,"Pseudoferania polylepis"
247,3011,778,115,"Pseudoferania polylepis"
266,1751,1415,125,"Pseudoferania polylepis"
277,1602,1610,102,"Pseudoferania polylepis"
274,2682,983,111,"Pseudoferania polylepis"
207,2491,2597,64,"Pseudoferania polylepis"
265,2255,1052,114,"Pseudoferania polylepis"
255,2169,1234,110,"Pseudoferania polylepis"
233,3591,580,84,"Pseudoferania polylepis"
271,2962,774,109,"Pseudoferania polylepis"
267,2227,992,103,"Pseudoferania polylepis"
255,778,3596,30,"Pseudoferania polylepis"
279,1819,1288,99,"Pseudoferania polylepis"
270,2054,1252,125,"Pseudoferania polylepis"
265,2400,1126,108,"Pseudoferania polylepis"
276,1957,1320,109,"Pseudoferania polylepis"
267,2777,1014,108,"Pseudoferania polylepis"
274,1294,1699,98,"Pseudoferania polylepis"
244,2260,918,112,"Pseudoferania polylepis"
266,2934,893,115,"Pseudoferania polylepis"
259,2643,954,119,"Pseudoferania polylepis"
273,2745,780,114,"Pseudoferania polylepis"
269,2707,839,122,"Pseudoferania polylepis"
254,2612,869,117,"Pseudoferania polylepis"
264,2565,1349,122,"Pseudoferania polylepis"
252,3197,918,123,"Pseudoferania polylepis"
227,3622,685,93,"Pseudoferania polylepis"
263,1996,1160,119,"Pseudoferania polylepis"
210,2680,1076,105,"Pseudoferania polylepis"
263,1939,1272,123,"Pseudoferania polylepis"
213,2768,1043,86,"Pseudoferania polylepis"
267,1989,1135,108,"Pseudoferania polylepis"
260,2504,930,110,"Pseudoferania polylepis"
257,1830,1108,120,"Pseudoferania polylepis"
263,1852,1290,103,"Pseudoferania polylepis"
261,2107,1147,111,"Pseudoferania polylepis"
265,1711,1359,104,"Pseudoferania polylepis"
268,1169,1776,120,"Pseudoferania polylepis"
270,2134,1240,125,"Pseudoferania polylepis"
267,1677,1559,102,"Pseudoferania polylepis"
262,1781,1242,113,"Pseudoferania polylepis"
269,1439,1605,121,"Pseudoferania polylepis"
269,2143,1172,120,"Pseudoferania polylepis"
270,2978,846,110,"Pseudoferania polylepis"
268,1657,1428,120,"Pseudoferania polylepis"
260,839,1799,57,"Pseudoferania polylepis"
229,3365,764,110,"Pseudoferania polylepis"
278,2081,1077,110,"Pseudoferania polylepis"
269,3267,708,122,"Pseudoferania polylepis"
257,766,2390,43,"Pseudoferania polylepis"
269,1124,1667,120,"Pseudoferania polylepis"
268,2958,948,111,"Pseudoferania polylepis"
249,1661,1519,107,"Pseudoferania polylepis"
227,3244,813,111,"Pseudoferania polylepis"
269,2278,1107,118,"Pseudoferania polylepis"
252,1597,1168,120,"Pseudoferania polylepis"
265,2909,710,122,"Pseudoferania polylepis"
205,2464,1873,72,"Pseudoferania polylepis"
263,2322,1028,109,"Pseudoferania polylepis"
248,2565,828,112,"Pseudoferania polylepis"
258,2873,918,118,"Pseudoferania polylepis"
271,2967,760,123,"Pseudoferania polylepis"
226,3468,769,95,"Pseudoferania polylepis"
268,2454,967,117,"Pseudoferania polylepis"
279,2013,1242,112,"Pseudoferania polylepis"
267,2852,834,113,"Pseudoferania polylepis"
220,3266,684,93,"Pseudoferania polylepis"
270,1444,1300,99,"Pseudoferania polylepis"
270,2976,793,114,"Pseudoferania polylepis"
269,3309,702,121,"Pseudoferania polylepis"
235,3012,814,118,"Pseudoferania polylepis"
254,2928,773,118,"Pseudoferania polylepis"
250,2099,1023,116,"Pseudoferania polylepis"
252,3280,771,116,"Pseudoferania polylepis"
266,2079,1106,117,"Pseudoferania polylepis"
261,2317,937,113,"Pseudoferania polylepis"
262,1836,1153,113,"Pseudoferania polylepis"
270,2845,787,111,"Pseudoferania polylepis"
203,2993,1413,92,"Pseudoferania polylepis"
268,2905,831,114,"Pseudoferania polylepis"
221,3262,652,92,"Pseudoferania polylepis"
259,1481,1570,112,"Pseudoferania polylepis"
261,2703,923,107,"Pseudoferania polylepis"
264,2889,930,110,"Pseudoferania polylepis"
259,581,5282,12,"Pseudoferania polylepis"
267,1508,1270,95,"Pseudoferania polylepis"
269,2298,1173,128,"Pseudoferania polylepis"
253,2324,1143,107,"Pseudoferania polylepis"
275,1921,1317,105,"Pseudoferania polylepis"
256,1947,1124,111,"Pseudoferania polylepis"
268,3127,831,112,"Pseudoferania polylepis"
271,3093,731,122,"Pseudoferania polylepis"
275,1289,1556,95,"Pseudoferania polylepis"
261,1922,1457,105,"Pseudoferania polylepis"
264,2501,944,118,"Pseudoferania polylepis"
258,1822,1547,98,"Pseudoferania polylepis"
262,2086,1363,109,"Pseudoferania polylepis"
259,2578,937,110,"Pseudoferania polylepis"
274,1303,1352,104,"Pseudoferania polylepis"
268,2650,762,105,"Pseudoferania polylepis"
233,3303,814,110,"Pseudoferania polylepis"
278,1538,1657,104,"Pseudoferania polylepis"
256,569,2876,38,"Pseudoferania polylepis"
266,1500,1507,122,"Pseudoferania polylepis"
269,2665,939,126,"Pseudoferania polylepis"
231,3428,624,86,"Pseudoferania polylepis"
259,1782,1173,119,"Pseudoferania polylepis"
258,1317,1426,101,"Pseudoferania polylepis"
265,2773,905,119,"Pseudoferania polylepis"
264,1116,1564,113,"Pseudoferania polylepis"
261,2872,849,120,"Pseudoferania polylepis"
252,1552,1308,118,"Pseudoferania polylepis"
272,3027,827,109,"Pseudoferania polylepis"
268,1791,1205,97,"Pseudoferania polylepis"
220,3473,630,105,"Pseudoferania polylepis"
262,1951,1631,113,"Pseudoferania polylepis"
269,2076,1087,99,"Pseudoferania polylepis"
261,1980,1164,109,"Pseudoferania polylepis"
275,1252,1718,95,"Pseudoferania polylepis"
265,2320,1078,107,"Pseudoferania polylepis"
271,2835,821,123,"Pseudoferania polylepis"
262,2009,1406,110,"Pseudoferania polylepis"
269,2766,796,122,"Pseudoferania polylepis"
276,1861,1241,106,"Pseudoferania polylepis"
266,2377,864,109,"Pseudoferania polylepis"
262,1816,1165,113,"Pseudoferania polylepis"
267,3037,853,112,"Pseudoferania polylepis"
271,1606,1284,105,"Pseudoferania polylepis"
278,1716,1441,107,"Pseudoferania polylepis"
264,2222,1055,113,"Pseudoferania polylepis"
265,2443,1170,103,"Pseudoferania polylepis"
248,2440,902,114,"Pseudoferania polylepis"
270,2909,811,109,"Pseudoferania polylepis"
279,1789,1300,102,"Pseudoferania polylepis"
268,2872,909,110,"Pseudoferania polylepis"
269,2623,921,124,"Pseudoferania polylepis"
269,3085,849,112,"Pseudoferania polylepis"
251,2763,926,118,"Pseudoferania polylepis"
269,2098,1215,122,"Pseudoferania polylepis"
268,1281,1658,117,"Pseudoferania polylepis"
270,2742,874,124,"Pseudoferania polylepis"
277,1828,1415,109,"Pseudoferania polylepis"
227,3428,724,96,"Pseudoferania polylepis"
254,1492,1306,111,"Pseudoferania polylepis"
219,2052,1413,95,"Pseudoferania polylepis"
252,1751,1126,115,"Pseudoferania polylepis"
267,2425,988,116,"Pseudoferania polylepis"
270,3278,691,122,"Pseudoferania polylepis"
278,1798,1492,103,"Pseudoferania polylepis"
267,1702,1235,108,"Pseudoferania polylepis"
249,2512,769,113,"Pseudoferania polylepis"
262,815,1687,62,"Pseudoferania polylepis"
267,1531,1387,100,"Pseudoferania polylepis"
279,1741,1388,103,"Pseudoferania polylepis"
256,559,3763,26,"Pseudoferania polylepis"
207,2475,1088,91,"Pseudoferania polylepis"
274,2480,1111,115,"Pseudoferania polylepis"
269,2198,938,108,"Pseudoferania polylepis"
228,3557,569,93,"Pseudoferania polylepis"
260,1964,1035,113,"Pseudoferania polylepis"
262,2311,1366,108,"Pseudoferania polylepis"
275,1519,1394,108,"Pseudoferania polylepis"
266,2554,879,120,"Pseudoferania polylepis"
210,2833,1113,81,"Pseudoferania polylepis"
264,3025,808,118,"Pseudoferania polylepis"
263,2021,1089,118,"Pseudoferania polylepis"
262,1810,1246,122,"Pseudoferania polylepis"
272,2863,932,111,"Pseudoferania polylepis"
277,1552,1720,107,"Pseudoferania polylepis"
236,3287,754,111,"Pseudoferania polylepis"
252,2403,856,113,"Pseudoferania polylepis"
275,2562,893,110,"Pseudoferania polylepis"
260,1519,1329,116,"Pseudoferania polylepis"
262,1615,1405,115,"Pseudoferania polylepis"
269,2193,1166,120,"Pseudoferania polylepis"
267,2445,879,104,"Pseudoferania polylepis"
264,2092,1238,100,"Pseudoferania polylepis"
262,2489,1175,102,"Pseudoferania polylepis"
278,1840,1241,103,"Pseudoferania polylepis"
276,1917,1314,109,"Pseudoferania polylepis"
257,3025,925,122,"Pseudoferania polylepis"
258,2051,978,119,"Pseudoferania polylepis"
228,3468,558,91,"Pseudoferania polylepis"
267,2855,881,113,"Pseudoferania polylepis"
276,1589,1797,103,"Pseudoferania polylepis"
276,1880,1439,102,"Pseudoferania polylepis"
266,2424,897,103,"Pseudoferania polylepis"
248,2746,932,115,"Pseudoferania polylepis"
273,1951,1319,105,"Pseudoferania polylepis"
249,537,6064,13,"Pseudoferania polylepis"
270,2018,1421,108,"Pseudoferania polylepis"
277,1668,1506,101,"Pseudoferania polylepis"
265,2339,957,114,"Pseudoferania polylepis"
259,2998,755,118,"Pseudoferania polylepis"
259,3067,845,123,"Pseudoferania polylepis"
268,2976,844,114,"Pseudoferania polylepis"
226,3488,618,99,"Pseudoferania polylepis"
256,748,2364,44,"Pseudoferania polylepis"
269,2481,1084,130,"Pseudoferania polylepis"
269,1459,1666,123,"Pseudoferania polylepis"
276,1423,1487,108,"Pseudoferania polylepis"
185,1918,1797,100,"Pseudoferania polylepis"
269,3055,769,116,"Pseudoferania polylepis"
267,1953,1301,125,"Pseudoferania polylepis"
270,1966,1286,124,"Pseudoferania polylepis"
269,2737,898,120,"Pseudoferania polylepis"
269,2231,1150,118,"Pseudoferania polylepis"
264,2144,1060,115,"Pseudoferania polylepis"
208,2964,1535,92,"Pseudoferania polylepis"
268,2241,910,107,"Pseudoferania polylepis"
269,2889,829,120,"Pseudoferania polylepis"
269,2327,1188,112,"Pseudoferania polylepis"
211,2774,860,103,"Pseudoferania polylepis"
240,2990,1472,93,"Pseudoferania polylepis"
231,3187,768,111,"Pseudoferania polylepis"
268,1638,1305,96,"Pseudoferania polylepis"
261,2022,1112,116,"Pseudoferania polylepis"
254,759,3543,27,"Pseudoferania polylepis"
270,2104,1250,125,"Pseudoferania polylepis"
269,1596,1428,112,"Pseudoferania polylepis"
268,2387,1019,115,"Pseudoferania polylepis"
217,3179,799,95,"Pseudoferania polylepis"
263,2664,846,120,"Pseudoferania polylepis"
252,1357,1427,113,"Pseudoferania polylepis"
226,3480,785,114,"Pseudoferania polylepis"
230,3361,804,108,"Pseudoferania polylepis"
268,1889,1205,99,"Pseudoferania polylepis"
269,2696,897,125,"Pseudoferania polylepis"
272,3049,724,121,"Pseudoferania polylepis"
269,2615,938,116,"Pseudoferania polylepis"
265,2651,897,123,"Pseudoferania polylepis"
257,1219,1614,108,"Pseudoferania polylepis"
257,3116,792,120,"Pseudoferania polylepis"
272,2306,1103,108,"Pseudoferania polylepis"
278,1570,1563,107,"Pseudoferania polylepis"
278,1784,1535,107,"Pseudoferania polylepis"
261,804,1730,54,"Pseudoferania polylepis"
231,3666,640,90,"Pseudoferania polylepis"
269,2718,860,123,"Pseudoferania polylepis"
262,1148,1555,111,"Pseudoferania polylepis"
279,1621,1707,105,"Pseudoferania polylepis"
214,2873,981,102,"Pseudoferania polylepis"
270,2998,846,115,"Pseudoferania polylepis"
224,3379,741,93,"Pseudoferania polylepis"
277,1555,1689,105,"Pseudoferania polylepis"
261,2202,1043,115,"Pseudoferania polylepis"
259,1989,1107,114,"Pseudoferania polylepis"
270,1577,1318,102,"Pseudoferania polylepis"
276,2421,932,110,"Pseudoferania polylepis"
267,1554,1331,100,"Pseudoferania polylepis"
268,2488,1058,114,"Pseudoferania polylepis"
279,1747,1358,102,"Pseudoferania polylepis"
266,2493,869,118,"Pseudoferania polylepis"
259,1520,1265,116,"Pseudoferania polylepis"
271,1930,1013,109,"Pseudoferania polylepis"
214,3135,762,91,"Pseudoferania polylepis"
278,1876,1389,108,"Pseudoferania polylepis"
269,2748,847,123,"Pseudoferania polylepis"
270,2200,1173,105,"Pseudoferania polylepis"
277,1696,1551,111,"Pseudoferania polylepis"
262,2395,894,114,"Pseudoferania polylepis"
264,2735,939,108,"Pseudoferania polylepis"
252,2633,809,115,"Pseudoferania polylepis"
269,2499,991,120,"Pseudoferania polylepis"
272,2661,815,114,"Pseudoferania polylepis"
267,1446,1398,102,"Pseudoferania polylepis"
245,3321,760,91,"Pseudoferania polylepis"
269,2645,934,125,"Pseudoferania polylepis"
277,1597,1558,101,"Pseudoferania polylepis"
266,2461,927,118,"Pseudoferania polylepis"
276,1942,1570,105,"Pseudoferania polylepis"
233,1487,1626,116,"Pseudoferania polylepis"
263,1930,1138,106,"Pseudoferania polylepis"
270,2432,1088,129,"Pseudoferania polylepis"
274,1344,1481,101,"Pseudoferania polylepis"
273,1262,1943,98,"Pseudoferania polylepis"
278,1592,1665,105,"Pseudoferania polylepis"
259,1309,1432,111,"Pseudoferania polylepis"
213,2355,3055,68,"Pseudoferania polylepis"
223,2382,847,109,"Pseudoferania polylepis"
261,2923,817,119,"Pseudoferania polylepis"
203,2765,1437,81,"Pseudoferania polylepis"
269,2283,1076,106,"Pseudoferania polylepis"
257,2859,812,116,"Pseudoferania polylepis"
251,3084,878,119,"Pseudoferania polylepis"
259,594,5250,12,"Pseudoferania polylepis"
268,2664,854,122,"Pseudoferania polylepis"
245,2837,2043,88,"Pseudoferania polylepis"
261,1758,1276,112,"Pseudoferania polylepis"
257,1732,1328,112,"Pseudoferania polylepis"
255,1503,1273,114,"Pseudoferania polylepis"
272,2381,1051,112,"Pseudoferania polylepis"
269,2484,993,119,"Pseudoferania polylepis"
256,724,2345,43,"Pseudoferania polylepis"
237,2426,962,114,"Pseudoferania polylepis"
270,2876,806,124,"Pseudoferania polylepis"
279,1739,1534,107,"Pseudoferania polylepis"
261,1288,1711,90,"Pseudoferania polylepis"
244,3091,1611,93,"Pseudoferania polylepis"
256,3528,801,123,"Pseudoferania polylepis"
227,3499,770,94,"Pseudoferania polylepis"
258,1927,1105,111,"Pseudoferania polylepis"
277,1781,1275,102,"Pseudoferania polylepis"
264,3054,793,117,"Pseudoferania polylepis"
214,2986,820,102,"Pseudoferania polylepis"
270,2797,840,124,"Pseudoferania polylepis"
278,2060,1282,110,"Pseudoferania polylepis"
253,2687,922,118,"Pseudoferania polylepis"
270,2450,1009,118,"Pseudoferania polylepis"
270,2554,947,122,"Pseudoferania polylepis"
269,3059,820,112,"Pseudoferania polylepis"
278,1642,1664,104,"Pseudoferania polylepis"
267,2058,1155,120,"Pseudoferania polylepis"
258,734,2149,47,"Pseudoferania polylepis"
266,2112,1134,118,"Pseudoferania polylepis"
272,2562,971,110,"Pseudoferania polylepis"
260,1971,1050,114,"Pseudoferania polylepis"
268,1768,1215,96,"Pseudoferania polylepis"
267,2855,850,116,"Pseudoferania polylepis"
268,1335,1837,122,"Pseudoferania polylepis"
226,3460,745,94,"Pseudoferania polylepis"
265,2656,846,111,"Pseudoferania polylepis"
265,1221,1512,114,"Pseudoferania polylepis"
231,2355,1028,104,"Pseudoferania polylepis"
268,2172,1135,117,"Pseudoferania polylepis"
266,1415,1556,100,"Pseudoferania polylepis"
269,3367,681,121,"Pseudoferania polylepis"
262,3211,696,121,"Pseudoferania polylepis"
277,2031,1332,104,"Pseudoferania polylepis"
259,593,5574,13,"Pseudoferania polylepis"
266,2974,822,121,"Pseudoferania polylepis"
257,1618,1372,115,"Pseudoferania polylepis"
238,3004,1022,99,"Pseudoferania polylepis"
253,2885,907,118,"Pseudoferania polylepis"
260,1205,1797,94,"Pseudoferania polylepis"
245,3029,1786,92,"Pseudoferania polylepis"
228,3704,570,93,"Pseudoferania polylepis"
268,1819,1403,127,"Pseudoferania polylepis"
267,1276,1941,117,"Pseudoferania polylepis"
261,813,1748,51,"Pseudoferania polylepis"
257,1718,1434,119,"Pseudoferania polylepis"
274,2605,805,111,"Pseudoferania polylepis"
271,2902,804,109,"Pseudoferania polylepis"
253,1711,1264,114,"Pseudoferania polylepis"
251,1391,1332,110,"Pseudoferania polylepis"
277,1669,1608,103,"Pseudoferania polylepis"
267,1243,1918,119,"Pseudoferania polylepis"
253,2213,1012,115,"Pseudoferania polylepis"
269,2967,740,119,"Pseudoferania polylepis"
267,1595,1550,122,"Pseudoferania polylepis"
253,1409,1494,112,"Pseudoferania polylepis"
262,1862,1134,114,"Pseudoferania polylepis"
270,2708,790,111,"Pseudoferania polylepis"
275,1984,1326,109,"Pseudoferania polylepis"
241,1968,1438,102,"Pseudoferania polylepis"
257,3079,930,121,"Pseudoferania polylepis"
269,1950,1107,108,"Pseudoferania polylepis"
248,3043,986,97,"Pseudoferania polylepis"
260,1900,1137,119,"Pseudoferania polylepis"
259,595,2484,46,"Pseudoferania polylepis"
267,1523,1371,94,"Pseudoferania polylepis"
269,1949,1289,126,"Pseudoferania polylepis"
266,2784,967,105,"Pseudoferania polylepis"
265,865,1509,76,"Pseudoferania polylepis"
262,2327,927,114,"Pseudoferania polylepis"
261,2795,1039,121,"Pseudoferania polylepis"
264,2082,1375,101,"Pseudoferania polylepis"
270,2469,1063,127,"Pseudoferania polylepis"
265,2318,1272,107,"Pseudoferania polylepis"
259,1867,1563,109,"Pseudoferania polylepis"
257,614,2502,48,"Pseudoferania polylepis"
239,2401,688,112,"Pseudoferania polylepis"
265,2094,1141,118,"Pseudoferania polylepis"
219,3201,1133,87,"Pseudoferania polylepis"
279,1565,1527,104,"Pseudoferania polylepis"
277,1476,1463,108,"Pseudoferania polylepis"
271,2389,1009,111,"Pseudoferania polylepis"
264,2994,768,121,"Pseudoferania polylepis"
240,3126,782,115,"Pseudoferania polylepis"
227,3326,728,100,"Pseudoferania polylepis"
263,2515,864,105,"Pseudoferania polylepis"
274,1351,1367,107,"Pseudoferania polylepis"
264,1164,1654,118,"Pseudoferania polylepis"
270,2758,861,123,"Pseudoferania polylepis"
266,3381,707,121,"Pseudoferania polylepis"
262,3145,715,120,"Pseudoferania polylepis"
270,2643,734,111,"Pseudoferania polylepis"
279,1784,1290,101,"Pseudoferania polylepis"
223,3265,740,100,"Pseudoferania polylepis"
267,2131,1104,116,"Pseudoferania polylepis"
265,2163,1069,115,"Pseudoferania polylepis"
268,1484,1280,96,"Pseudoferania polylepis"
234,3058,726,110,"Pseudoferania polylepis"
232,3052,1068,114,"Pseudoferania polylepis"
264,2032,1305,103,"Pseudoferania polylepis"
267,2238,1098,103,"Pseudoferania polylepis"
269,2648,927,125,"Pseudoferania polylepis"
223,2868,782,105,"Pseudoferania polylepis"
272,2501,1113,114,"Pseudoferania polylepis"
263,1787,1176,114,"Pseudoferania polylepis"
277,1926,1447,102,"Pseudoferania polylepis"
258,2047,1029,101,"Pseudoferania polylepis"
262,1771,1238,112,"Pseudoferania polylepis"
243,3090,1585,95,"Pseudoferania polylepis"
233,3409,744,112,"Pseudoferania polylepis"
268,1816,1134,102,"Pseudoferania polylepis"
249,2215,931,116,"Pseudoferania polylepis"
265,2289,925,103,"Pseudoferania polylepis"
232,3276,682,108,"Pseudoferania polylepis"
234,3369,783,86,"Pseudoferania polylepis"
243,2364,773,112,"Pseudoferania polylepis"
269,2251,1121,118,"Pseudoferania polylepis"
277,1926,1257,110,"Pseudoferania polylepis"
256,2272,1029,108,"Pseudoferania polylepis"
269,3265,726,122,"Pseudoferania polylepis"
225,3355,757,93,"Pseudoferania polylepis"
268,1844,1400,127,"Pseudoferania polylepis"
260,1393,1537,115,"Pseudoferania polylepis"
278,2525,870,110,"Pseudoferania polylepis"
255,742,2490,39,"Pseudoferania polylepis"
269,2342,932,107,"Pseudoferania polylepis"
275,1721,1598,108,"Pseudoferania polylepis"
266,2228,1055,102,"Pseudoferania polylepis"
234,3641,608,83,"Pseudoferania polylepis"
269,2643,853,111,"Pseudoferania polylepis"
258,592,2544,42,"Pseudoferania polylepis"
263,1861,1333,106,"Pseudoferania polylepis"
256,1080,1862,100,"Pseudoferania polylepis"
267,1569,1424,117,"Pseudoferania polylepis"
252,1980,1233,102,"Pseudoferania polylepis"
265,2389,897,105,"Pseudoferania polylepis"
263,2733,860,108,"Pseudoferania polylepis"
232,3389,676,82,"Pseudoferania polylepis"
269,2688,833,112,"Pseudoferania polylepis"
268,2946,798,113,"Pseudoferania polylepis"
273,1535,1314,110,"Pseudoferania polylepis"
225,2457,790,109,"Pseudoferania polylepis"
226,3528,730,101,"Pseudoferania polylepis"
270,2722,877,124,"Pseudoferania polylepis"
266,1550,1499,118,"Pseudoferania polylepis"
258,578,2529,48,"Pseudoferania polylepis"
248,2952,1017,97,"Pseudoferania polylepis"
268,1827,1342,110,"Pseudoferania polylepis"
279,1653,1467,102,"Pseudoferania polylepis"
266,1549,1390,116,"Pseudoferania polylepis"
270,2022,1277,124,"Pseudoferania polylepis"
260,824,1729,53,"Pseudoferania polylepis"
267,2467,971,117,"Pseudoferania polylepis"
246,3154,821,99,"Pseudoferania polylepis"
262,2049,1226,111,"Pseudoferania polylepis"
267,1760,1555,105,"Pseudoferania polylepis"
236,2052,1208,114,"Pseudoferania polylepis"
263,2227,1241,109,"Pseudoferania polylepis"
261,1085,1599,106,"Pseudoferania polylepis"
267,2343,1012,114,"Pseudoferania polylepis"
223,3252,885,91,"Pseudoferania polylepis"
265,2266,915,103,"Pseudoferania polylepis"
243,2306,723,112,"Pseudoferania polylepis"
268,3118,844,110,"Pseudoferania polylepis"
266,2788,881,112,"Pseudoferania polylepis"
247,3231,926,93,"Pseudoferania polylepis"
212,3530,717,101,"Pseudoferania polylepis"
277,2459,815,107,"Pseudoferania polylepis"
261,1620,1168,108,"Pseudoferania polylepis"
268,3324,709,121,"Pseudoferania polylepis"
271,2909,858,114,"Pseudoferania polylepis"
261,820,1704,57,"Pseudoferania polylepis"
244,2784,2408,84,"Pseudoferania polylepis"
265,2418,991,117,"Pseudoferania polylepis"
225,3212,663,106,"Pseudoferania polylepis"
278,2082,1168,107,"Pseudoferania polylepis"
260,2555,1011,107,"Pseudoferania polylepis"
252,3043,809,118,"Pseudoferania polylepis"
261,2427,986,115,"Pseudoferania polylepis"
264,2666,853,120,"Pseudoferania polylepis"
256,2261,1209,107,"Pseudoferania polylepis"
259,1985,1028,114,"Pseudoferania polylepis"
270,2806,839,124,"Pseudoferania polylepis"
266,2757,926,118,"Pseudoferania polylepis"
264,2001,1390,109,"Pseudoferania polylepis"
255,715,2261,41,"Pseudoferania polylepis"
258,567,4097,27,"Pseudoferania polylepis"
272,3113,704,121,"Pseudoferania polylepis"
263,2194,1151,102,"Pseudoferania polylepis"
236,3394,708,111,"Pseudoferania polylepis"
267,1840,1149,100,"Pseudoferania polylepis"
275,1471,1165,106,"Pseudoferania polylepis"
256,1199,1690,106,"Pseudoferania polylepis"
267,2412,983,116,"Pseudoferania polylepis"
270,3042,830,111,"Pseudoferania polylepis"
269,2572,1000,127,"Pseudoferania polylepis"
252,2194,1716,91,"Pseudoferania polylepis"
269,1694,1500,126,"Pseudoferania polylepis"
269,3243,731,122,"Pseudoferania polylepis"
268,1237,1709,117,"Pseudoferania polylepis"
269,1874,1190,99,"Pseudoferania polylepis"
235,3519,640,109,"Pseudoferania polylepis"
224,2533,810,103,"Pseudoferania polylepis"
270,3058,786,123,"Pseudoferania polylepis"
279,1934,1452,105,"Pseudoferania polylepis"
263,1802,1343,112,"Pseudoferania polylepis"
245,3407,891,118,"Pseudoferania polylepis"
199,2615,2580,69,"Pseudoferania polylepis"
262,1757,1312,121,"Pseudoferania polylepis"
220,3382,699,106,"Pseudoferania polylepis"
270,2511,1087,112,"Pseudoferania polylepis"
263,2904,868,120,"Pseudoferania polylepis"
237,3145,713,111,"Pseudoferania polylepis"
240,2090,1155,113,"Pseudoferania polylepis"
263,2672,753,107,"Pseudoferania polylepis"
229,3086,1073,114,"Pseudoferania polylepis"
265,2003,1191,120,"Pseudoferania polylepis"
268,3029,878,111,"Pseudoferania polylepis"
253,3040,888,119,"Pseudoferania polylepis"
265,2513,1271,123,"Pseudoferania polylepis"
269,2772,826,119,"Pseudoferania polylepis"
275,1731,1332,100,"Pseudoferania polylepis"
228,2314,1183,98,"Pseudoferania polylepis"
245,3299,834,118,"Pseudoferania polylepis"
229,2167,1620,93,"Pseudoferania polylepis"
270,2533,964,121,"Pseudoferania polylepis"
267,2009,1218,123,"Pseudoferania polylepis"
262,2582,828,104,"Pseudoferania polylepis"
271,2996,827,110,"Pseudoferania polylepis"
234,2900,821,110,"Pseudoferania polylepis"
278,1599,1728,105,"Pseudoferania polylepis"
269,3295,710,121,"Pseudoferania polylepis"
258,2032,1048,118,"Pseudoferania polylepis"
248,2793,840,117,"Pseudoferania polylepis"
274,1310,1632,101,"Pseudoferania polylepis"
265,2281,922,102,"Pseudoferania polylepis"
268,2607,983,117,"Pseudoferania polylepis"
215,3546,840,97,"Pseudoferania polylepis"
263,2708,847,120,"Pseudoferania polylepis"
276,2229,1169,112,"Pseudoferania polylepis"
217,3140,897,91,"Pseudoferania polylepis"
264,823,1559,68,"Pseudoferania polylepis"
231,3656,622,92,"Pseudoferania polylepis"
252,1773,1287,113,"Pseudoferania polylepis"
239,3128,879,112,"Pseudoferania polylepis"
269,2635,953,126,"Pseudoferania polylepis"
271,1308,1766,98,"Pseudoferania polylepis"
268,2224,965,106,"Pseudoferania polylepis"
255,2291,1237,109,"Pseudoferania polylepis"
235,3458,687,84,"Pseudoferania polylepis"
229,1893,2505,87,"Pseudoferania polylepis"
257,1658,1296,113,"Pseudoferania polylepis"
239,1592,1656,105,"Pseudoferania polylepis"
267,2325,1054,107,"Pseudoferania polylepis"
269,2515,967,120,"Pseudoferania polylepis"
244,3033,1803,93,"Pseudoferania polylepis"
263,2738,977,106,"Pseudoferania polylepis"
211,2902,1066,86,"Pseudoferania polylepis"
265,1769,1661,107,"Pseudoferania polylepis"
278,1576,1693,102,"Pseudoferania polylepis"
266,1876,1179,99,"Pseudoferania polylepis"
215,2578,1147,109,"Pseudoferania polylepis"
266,2510,805,105,"Pseudoferania polylepis"
264,3052,801,117,"Pseudoferania polylepis"
261,1512,1704,117,"Pseudoferania polylepis"
272,1559,1414,108,"Pseudoferania polylepis"
224,3477,839,108,"Pseudoferania polylepis"
242,3312,846,118,"Pseudoferania polylepis"
273,1335,1806,105,"Pseudoferania polylepis"
271,2986,761,122,"Pseudoferania polylepis"
258,543,3002,38,"Pseudoferania polylepis"
268,2831,914,109,"Pseudoferania polylepis"
218,2996,772,104,"Pseudoferania polylepis"
225,3410,712,94,"Pseudoferania polylepis"
221,3217,978,86,"Pseudoferania polylepis"
262,2112,1110,115,"Pseudoferania polylepis"
221,3301,782,92,"Pseudoferania polylepis"
268,2140,1139,119,"Pseudoferania polylepis"
268,2565,1059,104,"Pseudoferania polylepis"
269,2914,760,118,"Pseudoferania polylepis"
256,3527,777,123,"Pseudoferania polylepis"
256,772,2953,36,"Pseudoferania polylepis"
263,2524,1112,113,"Pseudoferania polylepis"
257,2186,1119,107,"Pseudoferania polylepis"
258,597,5266,11,"Pseudoferania polylepis"
269,2616,871,112,"Pseudoferania polylepis"
265,1984,1164,106,"Pseudoferania polylepis"
263,829,1642,62,"Pseudoferania polylepis"
264,3068,771,115,"Pseudoferania polylepis"
258,1901,1058,117,"Pseudoferania polylepis"
248,3521,700,120,"Pseudoferania polylepis"
269,2609,807,109,"Pseudoferania polylepis"
255,2249,974,112,"Pseudoferania polylepis"
269,2574,1024,128,"Pseudoferania polylepis"
236,3326,906,89,"Pseudoferania polylepis"
266,2110,1165,103,"Pseudoferania polylepis"
272,1309,1453,108,"Pseudoferania polylepis"
221,2418,1261,102,"Pseudoferania polylepis"
237,3149,1260,99,"Pseudoferania polylepis"
260,2986,779,118,"Pseudoferania polylepis"
237,2676,864,113,"Pseudoferania polylepis"
270,3011,809,113,"Pseudoferania polylepis"
263,1469,1449,99,"Pseudoferania polylepis"
274,1354,1422,108,"Pseudoferania polylepis"
272,3231,682,121,"Pseudoferania polylepis"
255,2070,1090,114,"Pseudoferania polylepis"
276,1708,1697,106,"Pseudoferania polylepis"
259,664,2244,49,"Pseudoferania polylepis"
258,1062,1744,97,"Pseudoferania polylepis"
269,2628,929,124,"Pseudoferania polylepis"
241,1938,1265,111,"Pseudoferania polylepis"
260,2910,759,118,"Pseudoferania polylepis"
277,1698,1463,109,"Pseudoferania polylepis"
269,2812,802,123,"Pseudoferania polylepis"
268,2006,1036,106,"Pseudoferania polylepis"
266,2700,976,117,"Pseudoferania polylepis"
256,1687,1243,117,"Pseudoferania polylepis"
268,2078,1028,105,"Pseudoferania polylepis"
266,3497,679,121,"Pseudoferania polylepis"
223,3356,768,94,"Pseudoferania polylepis"
214,2663,859,103,"Pseudoferania polylepis"
273,1864,1062,108,"Pseudoferania polylepis"
268,1970,1273,125,"Pseudoferania polylepis"
267,2105,1119,116,"Pseudoferania polylepis"
243,3000,1612,92,"Pseudoferania polylepis"
257,555,2761,46,"Pseudoferania polylepis"
264,1237,1530,116,"Pseudoferania polylepis"
260,1668,1332,102,"Pseudoferania polylepis"
258,714,2074,53,"Pseudoferania polylepis"
261,1932,1072,114,"Pseudoferania polylepis"
259,601,2454,47,"Pseudoferania polylepis"
235,3410,609,86,"Pseudoferania polylepis"
216,3180,749,90,"Pseudoferania polylepis"
260,2450,858,114,"Pseudoferania polylepis"
257,1845,1273,105,"Pseudoferania polylepis"
257,1888,1274,106,"Pseudoferania polylepis"
268,2823,816,115,"Pseudoferania polylepis"
261,840,2110,56,"Pseudoferania polylepis"
264,2314,1011,107,"Pseudoferania polylepis"
249,2384,1106,112,"Pseudoferania polylepis"
259,1425,1450,115,"Pseudoferania polylepis"
264,3374,738,123,"Pseudoferania polylepis"
278,1762,1526,108,"Pseudoferania polylepis"
270,2827,875,107,"Pseudoferania polylepis"
267,2989,889,110,"Pseudoferania polylepis"
252,1602,1357,115,"Pseudoferania polylepis"
257,1331,1359,109,"Pseudoferania polylepis"
276,1734,1579,107,"Pseudoferania polylepis"
262,1462,1522,95,"Pseudoferania polylepis"
258,1692,1200,105,"Pseudoferania polylepis"
256,607,2701,43,"Pseudoferania polylepis"
276,2067,1193,108,"Pseudoferania polylepis"
276,1703,1619,108,"Pseudoferania polylepis"
269,2524,801,109,"Pseudoferania polylepis"
261,2651,974,107,"Pseudoferania polylepis"
275,1903,1386,102,"Pseudoferania polylepis"
263,1345,1640,116,"Pseudoferania polylepis"
250,2109,986,115,"Pseudoferania polylepis"
267,3043,896,116,"Pseudoferania polylepis"
276,1444,1556,108,"Pseudoferania polylepis"
273,2453,872,114,"Pseudoferania polylepis"
268,1135,1669,121,"Pseudoferania polylepis"
256,547,3504,32,"Pseudoferania polylepis"
270,2076,1239,124,"Pseudoferania polylepis"
278,1779,1606,104,"Pseudoferania polylepis"
261,1691,1358,95,"Pseudoferania polylepis"
262,1357,1469,115,"Pseudoferania polylepis"
269,1729,1484,126,"Pseudoferania polylepis"
219,3237,701,91,"Pseudoferania polylepis"
266,1351,1813,123,"Pseudoferania polylepis"
237,2456,696,115,"Pseudoferania polylepis"
268,1749,1239,105,"Pseudoferania polylepis"
273,1429,1358,109,"Pseudoferania polylepis"
262,825,1651,57,"Pseudoferania polylepis"
266,2336,893,108,"Pseudoferania polylepis"
274,1971,1585,107,"Pseudoferania polylepis"
257,2849,924,116,"Pseudoferania polylepis"
277,2009,1515,103,"Pseudoferania polylepis"
249,1446,1605,109,"Pseudoferania polylepis"
270,1762,1374,112,"Pseudoferania polylepis"
258,2795,870,117,"Pseudoferania polylepis"
270,1477,1732,123,"Pseudoferania polylepis"
231,3471,676,83,"Pseudoferania polylepis"
265,1420,1547,117,"Pseudoferania polylepis"
259,1763,1119,108,"Pseudoferania polylepis"
269,2702,854,123,"Pseudoferania polylepis"
270,1597,1577,123,"Pseudoferania polylepis"
239,2736,952,112,"Pseudoferania polylepis"
276,1796,1539,110,"Pseudoferania polylepis"
260,2484,950,108,"Pseudoferania polylepis"
270,2395,1106,128,"Pseudoferania polylepis"
259,1155,1614,105,"Pseudoferania polylepis"
271,2874,814,109,"Pseudoferania polylepis"
258,1866,1105,109,"Pseudoferania polylepis"
279,2178,1120,113,"Pseudoferania polylepis"
274,1583,1172,110,"Pseudoferania polylepis"
261,1498,1348,113,"Pseudoferania polylepis"
247,2041,1195,104,"Pseudoferania polylepis"
248,1486,1604,114,"Pseudoferania polylepis"
275,2014,1458,104,"Pseudoferania polylepis"
256,564,3851,30,"Pseudoferania polylepis"
265,2776,941,115,"Pseudoferania polylepis"
276,1943,1348,102,"Pseudoferania polylepis"
270,3009,833,112,"Pseudoferania polylepis"
231,2924,1008,111,"Pseudoferania polylepis"
235,3327,751,111,"Pseudoferania polylepis"
254,1730,1155,117,"Pseudoferania polylepis"
270,2054,1256,124,"Pseudoferania polylepis"
274,2189,1175,106,"Pseudoferania polylepis"
262,2070,1721,106,"Pseudoferania polylepis"
272,1755,1150,109,"Pseudoferania polylepis"
258,1371,1489,112,"Pseudoferania polylepis"
278,1831,1502,111,"Pseudoferania polylepis"
262,849,1590,58,"Pseudoferania polylepis"
270,2880,782,112,"Pseudoferania polylepis"
207,2712,945,97,"Pseudoferania polylepis"
266,1700,1262,97,"Pseudoferania polylepis"
256,2241,1064,115,"Pseudoferania polylepis"
276,2003,1327,108,"Pseudoferania polylepis"
260,1191,1663,101,"Pseudoferania polylepis"
256,1624,1385,119,"Pseudoferania polylepis"
253,1591,1249,117,"Pseudoferania polylepis"
268,1563,1328,102,"Pseudoferania polylepis"
266,1991,1533,110,"Pseudoferania polylepis"
272,1869,1579,110,"Pseudoferania polylepis"
227,3477,672,90,"Pseudoferania polylepis"
267,2319,881,106,"Pseudoferania polylepis"
270,1863,1333,126,"Pseudoferania polylepis"
261,835,1639,55,"Pseudoferania polylepis"
254,730,2446,40,"Pseudoferania polylepis"
270,1869,1343,125,"Pseudoferania polylepis"
267,3020,843,112,"Pseudoferania polylepis"
265,2294,979,109,"Pseudoferania polylepis"
269,1888,1210,97,"Pseudoferania polylepis"
266,2870,939,110,"Pseudoferania polylepis"
266,2962,876,117,"Pseudoferania polylepis"
274,1308,1809,99,"Pseudoferania polylepis"
256,563,6128,14,"Pseudoferania polylepis"
272,1683,1129,108,"Pseudoferania polylepis"
259,1699,1401,107,"Pseudoferania polylepis"
271,2958,748,113,"Pseudoferania polylepis"
268,2032,1330,105,"Pseudoferania polylepis"
263,2582,761,110,"Pseudoferania polylepis"
269,2199,1143,120,"Pseudoferania polylepis"
263,2444,973,109,"Pseudoferania polylepis"
270,2499,1030,126,"Pseudoferania polylepis"
270,2206,1182,107,"Pseudoferania polylepis"
268,2149,1018,106,"Pseudoferania polylepis"
260,1787,1204,119,"Pseudoferania polylepis"
254,2726,953,119,"Pseudoferania polylepis"
245,2880,830,115,"Pseudoferania polylepis"
236,3162,977,113,"Pseudoferania polylepis"
212,3557,833,97,"Pseudoferania polylepis"
268,2137,1133,118,"Pseudoferania polylepis"
254,1734,1232,107,"Pseudoferania polylepis"
258,639,2358,47,"Pseudoferania polylepis"
251,3225,857,122,"Pseudoferania polylepis"
270,2215,1235,112,"Pseudoferania polylepis"
266,1666,1316,99,"Pseudoferania polylepis"
256,1855,1108,107,"Pseudoferania polylepis"
274,1843,1532,110,"Pseudoferania polylepis"
270,1853,1345,126,"Pseudoferania polylepis"
228,1908,1644,107,"Pseudoferania polylepis"
220,3229,791,91,"Pseudoferania polylepis"
257,753,2174,46,"Pseudoferania polylepis"
274,1298,1602,99,"Pseudoferania polylepis"
221,3472,814,104,"Pseudoferania polylepis"
265,2893,841,124,"Pseudoferania polylepis"
263,3487,717,121,"Pseudoferania polylepis"
268,2375,887,104,"Pseudoferania polylepis"
270,2263,1227,109,"Pseudoferania polylepis"
267,2733,737,115,"Pseudoferania polylepis"
269,3034,820,114,"Pseudoferania polylepis"
262,1885,1109,113,"Pseudoferania polylepis"
261,1729,1213,111,"Pseudoferania polylepis"
262,1714,1124,113,"Pseudoferania polylepis"
246,1306,1693,97,"Pseudoferania polylepis"
226,2390,1033,95,"Pseudoferania polylepis"
268,2640,896,122,"Pseudoferania polylepis"
269,2704,875,123,"Pseudoferania polylepis"
274,2139,1317,112,"Pseudoferania polylepis"
256,2207,1018,116,"Pseudoferania polylepis"
269,2851,784,111,"Pseudoferania polylepis"
272,3135,709,122,"Pseudoferania polylepis"
270,2193,1207,125,"Pseudoferania polylepis"
276,2612,856,111,"Pseudoferania polylepis"
245,2809,1969,91,"Pseudoferania polylepis"
269,2111,1084,100,"Pseudoferania polylepis"
269,2669,923,126,"Pseudoferania polylepis"
272,1303,1433,102,"Pseudoferania polylepis"
275,2719,857,111,"Pseudoferania polylepis"
255,2837,873,115,"Pseudoferania polylepis"
254,756,3370,31,"Pseudoferania polylepis"
274,2354,1069,110,"Pseudoferania polylepis"
277,2095,1314,110,"Pseudoferania polylepis"
275,1923,1341,107,"Pseudoferania polylepis"
274,1404,1334,107,"Pseudoferania polylepis"
268,2793,872,108,"Pseudoferania polylepis"
261,2488,926,117,"Pseudoferania polylepis"
268,1845,1176,101,"Pseudoferania polylepis"
262,2323,1057,109,"Pseudoferania polylepis"
262,1885,1079,114,"Pseudoferania polylepis"
259,1706,1372,115,"Pseudoferania polylepis"
268,2984,722,121,"Pseudoferania polylepis"
234,2222,1137,98,"Pseudoferania polylepis"
262,824,2060,51,"Pseudoferania polylepis"
270,2355,1121,127,"Pseudoferania polylepis"
265,2053,1178,116,"Pseudoferania polylepis"
261,2621,1057,112,"Pseudoferania polylepis"
257,2481,994,106,"Pseudoferania polylepis"
266,1440,1687,122,"Pseudoferania polylepis"
268,2741,726,109,"Pseudoferania polylepis"
253,2224,1166,109,"Pseudoferania polylepis"
268,2500,956,118,"Pseudoferania polylepis"
254,2138,1159,113,"Pseudoferania polylepis"
247,2847,730,114,"Pseudoferania polylepis"
277,1711,1423,110,"Pseudoferania polylepis"
261,791,1741,59,"Pseudoferania polylepis"
262,3022,749,120,"Pseudoferania polylepis"
270,2381,1084,124,"Pseudoferania polylepis"
264,2380,928,115,"Pseudoferania polylepis"
256,568,3111,39,"Pseudoferania polylepis"
266,2229,1052,114,"Pseudoferania polylepis"
267,2888,868,106,"Pseudoferania polylepis"
229,3383,727,83,"Pseudoferania polylepis"
270,3062,825,109,"Pseudoferania polylepis"
233,3252,793,110,"Pseudoferania polylepis"
264,1920,1197,106,"Pseudoferania polylepis"
258,2879,814,119,"Pseudoferania polylepis"
265,2356,1220,105,"Pseudoferania polylepis"
270,3072,827,111,"Pseudoferania polylepis"
252,2261,1268,110,"Pseudoferania polylepis"
243,3053,1691,94,"Pseudoferania polylepis"
276,2496,791,109,"Pseudoferania polylepis"
275,1656,1749,112,"Pseudoferania polylepis"
274,2284,1283,113,"Pseudoferania polylepis"
270,2346,1128,125,"Pseudoferania polylepis"
257,1977,1095,117,"Pseudoferania polylepis"
263,2052,1068,115,"Pseudoferania polylepis"
232,3608,703,82,"Pseudoferania polylepis"
243,2515,3343,64,"Pseudoferania polylepis"
257,2033,1080,116,"Pseudoferania polylepis"
254,1878,1294,112,"Pseudoferania polylepis"
273,1322,1771,100,"Pseudoferania polylepis"
278,2094,1180,108,"Pseudoferania polylepis"
266,1044,1617,108,"Pseudoferania polylepis"
278,1674,1681,105,"Pseudoferania polylepis"
270,2839,857,109,"Pseudoferania polylepis"
258,2653,1016,110,"Pseudoferania polylepis"
257,592,2779,40,"Pseudoferania polylepis"
276,1529,1941,106,"Pseudoferania polylepis"
258,530,3385,32,"Pseudoferania polylepis"
272,2359,1207,113,"Pseudoferania polylepis"
270,1673,1214,112,"Pseudoferania polylepis"
228,3540,688,94,"Pseudoferania polylepis"
194,2508,2947,64,"Pseudoferania polylepis"
264,2121,1015,104,"Pseudoferania polylepis"
271,1924,1040,105,"Pseudoferania polylepis"
268,2011,1240,123,"Pseudoferania polylepis"
271,2868,808,123,"Pseudoferania polylepis"
244,2437,1748,75,"Pseudoferania polylepis"
224,3663,720,94,"Pseudoferania polylepis"
269,2530,1050,128,"Pseudoferania polylepis"
269,2764,988,109,"Pseudoferania polylepis"
269,2571,975,126,"Pseudoferania polylepis"
273,1312,1676,101,"Pseudoferania polylepis"
276,1458,1430,107,"Pseudoferania polylepis"
269,2617,979,127,"Pseudoferania polylepis"
264,2643,1051,111,"Pseudoferania polylepis"
261,1535,1360,117,"Pseudoferania polylepis"
269,1964,1118,101,"Pseudoferania polylepis"
229,3591,607,95,"Pseudoferania polylepis"
264,3050,807,114,"Pseudoferania polylepis"
269,2446,987,117,"Pseudoferania polylepis"
264,3456,710,121,"Pseudoferania polylepis"
264,1270,1533,115,"Pseudoferania polylepis"
269,1253,1935,120,"Pseudoferania polylepis"
227,3227,815,88,"Pseudoferania polylepis"
268,1588,1407,108,"Pseudoferania polylepis"
214,2979,970,101,"Pseudoferania polylepis"
258,620,2390,46,"Pseudoferania polylepis"
269,1916,1180,99,"Pseudoferania polylepis"
271,1628,1252,111,"Pseudoferania polylepis"
257,2656,1083,118,"Pseudoferania polylepis"
269,2111,1200,121,"Pseudoferania polylepis"
262,1193,1593,116,"Pseudoferania polylepis"
268,2216,1222,108,"Pseudoferania polylepis"
270,2818,832,111,"Pseudoferania polylepis"
252,1468,1378,111,"Pseudoferania polylepis"
232,3220,764,109,"Pseudoferania polylepis"
225,3159,656,107,"Pseudoferania polylepis"
269,2515,1076,129,"Pseudoferania polylepis"
255,738,2423,39,"Pseudoferania polylepis"
267,2471,1034,114,"Pseudoferania polylepis"
268,1996,1247,124,"Pseudoferania polylepis"
272,1632,1301,112,"Pseudoferania polylepis"
255,2586,866,114,"Pseudoferania polylepis"
262,1781,1135,113,"Pseudoferania polylepis"
225,3686,748,93,"Pseudoferania polylepis"
230,3315,709,85,"Pseudoferania polylepis"
267,1596,1532,110,"Pseudoferania polylepis"
272,1946,1552,113,"Pseudoferania polylepis"
258,2017,1087,114,"Pseudoferania polylepis"
274,1497,1325,107,"Pseudoferania polylepis"
258,2395,1356,109,"Pseudoferania polylepis"
251,3224,850,122,"Pseudoferania polylepis"
227,3348,682,90,"Pseudoferania polylepis"
269,2034,1033,107,"Pseudoferania polylepis"
268,3066,839,112,"Pseudoferania polylepis"
277,1538,1753,104,"Pseudoferania polylepis"
267,3473,681,120,"Pseudoferania polylepis"
269,2372,1133,129,"Pseudoferania polylepis"
258,787,2845,36,"Pseudoferania polylepis"
271,3207,709,122,"Pseudoferania polylepis"
230,2918,801,110,"Pseudoferania polylepis"
224,2386,1327,102,"Pseudoferania polylepis"
264,1949,1265,123,"Pseudoferania polylepis"
271,2016,1413,114,"Pseudoferania polylepis"
262,2630,846,110,"Pseudoferania polylepis"
270,3025,837,109,"Pseudoferania polylepis"
240,3155,853,114,"Pseudoferania polylepis"
266,2795,985,121,"Pseudoferania polylepis"
278,1691,1597,104,"Pseudoferania polylepis"
261,1036,1852,109,"Pseudoferania polylepis"
262,1816,1149,113,"Pseudoferania polylepis"
274,1364,1439,106,"Pseudoferania polylepis"
278,1600,1597,103,"Pseudoferania polylepis"
266,2686,1008,116,"Pseudoferania polylepis"
278,1604,1664,106,"Pseudoferania polylepis"
268,2327,1165,110,"Pseudoferania polylepis"
269,1867,1197,110,"Pseudoferania polylepis"
252,3174,916,122,"Pseudoferania polylepis"
266,3426,698,121,"Pseudoferania polylepis"
279,2098,1176,110,"Pseudoferania polylepis"
269,2743,828,122,"Pseudoferania polylepis"
263,1061,1811,94,"Pseudoferania polylepis"
254,3449,756,121,"Pseudoferania polylepis"
277,1532,1463,108,"Pseudoferania polylepis"
258,802,2223,50,"Pseudoferania polylepis"
259,1832,1260,109,"Pseudoferania polylepis"
270,1412,1377,96,"Pseudoferania polylepis"
265,2420,927,107,"Pseudoferania polylepis"
268,3010,855,111,"Pseudoferania polylepis"
250,2594,801,114,"Pseudoferania polylepis"
270,2884,825,109,"Pseudoferania polylepis"
230,3261,843,111,"Pseudoferania polylepis"
267,2602,1020,121,"Pseudoferania polylepis"
239,3260,1056,97,"Pseudoferania polylepis"
265,2360,1243,103,"Pseudoferania polylepis"
267,2778,917,120,"Pseudoferania polylepis"
270,2739,882,124,"Pseudoferania polylepis"
253,740,2994,34,"Pseudoferania polylepis"
268,3126,850,110,"Pseudoferania polylepis"
271,2967,773,123,"Pseudoferania polylepis"
263,847,1586,63,"Pseudoferania polylepis"
254,1900,1150,106,"Pseudoferania polylepis"
268,2172,1301,112,"Pseudoferania polylepis"
268,2975,774,118,"Pseudoferania polylepis"
266,1044,1641,112,"Pseudoferania polylepis"
267,2719,752,112,"Pseudoferania polylepis"
213,2966,987,92,"Pseudoferania polylepis"
263,865,1624,60,"Pseudoferania polylepis"
262,1888,1129,113,"Pseudoferania polylepis"
270,2134,1333,106,"Pseudoferania polylepis"
217,2396,1107,107,"Pseudoferania polylepis"
257,565,2719,43,"Pseudoferania polylepis"
266,2465,894,105,"Pseudoferania polylepis"
267,2972,872,111,"Pseudoferania polylepis"
271,2903,758,112,"Pseudoferania polylepis"
261,2705,857,110,"Pseudoferania polylepis"
242,3365,773,116,"Pseudoferania polylepis"
272,2414,822,107,"Pseudoferania polylepis"
273,1256,1905,96,"Pseudoferania polylepis"
270,2878,797,124,"Pseudoferania polylepis"
269,3066,795,123,"Pseudoferania polylepis"
219,3341,911,106,"Pseudoferania polylepis"
269,1715,1199,108,"Pseudoferania polylepis"
244,1339,1740,103,"Pseudoferania polylepis"
252,3431,713,119,"Pseudoferania polylepis"
266,1207,1626,117,"Pseudoferania polylepis"
261,2512,944,108,"Pseudoferania polylepis"
217,2961,799,98,"Pseudoferania polylepis"
273,2656,1039,111,"Pseudoferania polylepis"
254,1515,1268,115,"Pseudoferania polylepis"
258,1359,1361,112,"Pseudoferania polylepis"
265,2279,905,104,"Pseudoferania polylepis"
251,1395,1259,106,"Pseudoferania polylepis"
254,1716,1151,115,"Pseudoferania polylepis"
233,2272,986,101,"Pseudoferania polylepis"
271,2543,843,113,"Pseudoferania polylepis"
261,2015,1064,115,"Pseudoferania polylepis"
273,2268,929,109,"Pseudoferania polylepis"
276,1691,1541,105,"Pseudoferania polylepis"
260,2688,931,107,"Pseudoferania polylepis"
274,2093,1410,115,"Pseudoferania polylepis"
246,3138,1151,99,"Pseudoferania polylepis"
260,2363,933,107,"Pseudoferania polylepis"
278,1655,1567,107,"Pseudoferania polylepis"
228,2724,791,109,"Pseudoferania polylepis"
241,3446,790,116,"Pseudoferania polylepis"
258,2692,892,119,"Pseudoferania polylepis"
235,3557,695,82,"Pseudoferania polylepis"
254,3378,754,122,"Pseudoferania polylepis"
242,2281,799,112,"Pseudoferania polylepis"
266,2713,981,117,"Pseudoferania polylepis"
259,1706,1175,117,"Pseudoferania polylepis"
275,2065,1215,107,"Pseudoferania polylepis"
271,2862,711,110,"Pseudoferania polylepis"
261,2091,1103,116,"Pseudoferania polylepis"
252,1642,1197,116,"Pseudoferania polylepis"
227,3605,713,93,"Pseudoferania polylepis"
276,1964,1341,104,"Pseudoferania polylepis"
258,2347,894,112,"Pseudoferania polylepis"
264,2396,990,118,"Pseudoferania polylepis"
265,2375,929,106,"Pseudoferania polylepis"
264,2107,1083,116,"Pseudoferania polylepis"
257,3176,820,118,"Pseudoferania polylepis"
257,2867,860,117,"Pseudoferania polylepis"
275,1646,1253,111,"Pseudoferania polylepis"
266,1041,1590,109,"Pseudoferania polylepis"
275,1306,1591,101,"Pseudoferania polylepis"
239,2913,842,116,"Pseudoferania polylepis"
264,2713,980,106,"Pseudoferania polylepis"
269,2663,917,125,"Pseudoferania polylepis"
270,2836,727,106,"Pseudoferania polylepis"
276,2109,1354,104,"Pseudoferania polylepis"
207,3524,824,98,"Pseudoferania polylepis"
269,2561,990,126,"Pseudoferania polylepis"
258,1148,1687,107,"Pseudoferania polylepis"
256,751,2263,41,"Pseudoferania polylepis"
257,688,2243,53,"Pseudoferania polylepis"
267,2942,837,122,"Pseudoferania polylepis"
258,1547,1219,118,"Pseudoferania polylepis"
271,2621,983,113,"Pseudoferania polylepis"
263,3386,741,122,"Pseudoferania polylepis"
264,882,1564,64,"Pseudoferania polylepis"
256,2058,934,115,"Pseudoferania polylepis"
276,1708,1585,106,"Pseudoferania polylepis"
221,2633,753,104,"Pseudoferania polylepis"
267,2543,921,120,"Pseudoferania polylepis"
269,2227,1151,120,"Pseudoferania polylepis"
263,2185,1124,102,"Pseudoferania polylepis"
276,1308,1494,101,"Pseudoferania polylepis"
254,3156,731,116,"Pseudoferania polylepis"
258,1968,1050,113,"Pseudoferania polylepis"
253,3125,729,117,"Pseudoferania polylepis"
278,1522,1628,103,"Pseudoferania polylepis"
267,2804,909,115,"Pseudoferania polylepis"
266,2780,825,107,"Pseudoferania polylepis"
261,1984,1067,117,"Pseudoferania polylepis"
264,2388,1032,111,"Pseudoferania polylepis"
249,2116,2006,87,"Pseudoferania polylepis"
261,1726,1141,111,"Pseudoferania polylepis"
256,765,2723,41,"Pseudoferania polylepis"
275,1870,1433,115,"Pseudoferania polylepis"
271,2264,1145,109,"Pseudoferania polylepis"
260,1115,1609,107,"Pseudoferania polylepis"
268,2304,1060,114,"Pseudoferania polylepis"
269,2121,1236,124,"Pseudoferania polylepis"
265,3046,810,116,"Pseudoferania polylepis"
275,1358,1315,107,"Pseudoferania polylepis"
259,1959,1526,107,"Pseudoferania polylepis"
271,2931,790,109,"Pseudoferania polylepis"
256,1786,1646,97,"Pseudoferania polylepis"
271,1658,1225,109,"Pseudoferania polylepis"
251,2098,1068,116,"Pseudoferania polylepis"
270,2086,1551,106,"Pseudoferania polylepis"
261,848,1648,58,"Pseudoferania polylepis"
262,2032,1326,109,"Pseudoferania polylepis"
263,1754,1235,113,"Pseudoferania polylepis"
265,2188,1129,115,"Pseudoferania polylepis"
264,2026,1165,106,"Pseudoferania polylepis"
252,738,3059,29,"Pseudoferania polylepis"
265,2819,790,122,"Pseudoferania polylepis"
262,846,1906,57,"Pseudoferania polylepis"
219,2733,834,104,"Pseudoferania polylepis"
254,2286,1118,106,"Pseudoferania polylepis"
268,2550,930,120,"Pseudoferania polylepis"
278,1530,1707,107,"Pseudoferania polylepis"
215,2985,768,95,"Pseudoferania polylepis"
250,2957,718,115,"Pseudoferania polylepis"
279,1704,1558,105,"Pseudoferania polylepis"
255,1738,1261,115,"Pseudoferania polylepis"
270,2007,1258,124,"Pseudoferania polylepis"
274,2685,853,112,"Pseudoferania polylepis"
254,735,2572,37,"Pseudoferania polylepis"
270,2470,1010,120,"Pseudoferania polylepis"
264,1328,1515,116,"Pseudoferania polylepis"
216,3474,835,103,"Pseudoferania polylepis"
229,3400,801,107,"Pseudoferania polylepis"
273,2482,1125,115,"Pseudoferania polylepis"
268,2460,824,106,"Pseudoferania polylepis"
270,3058,836,109,"Pseudoferania polylepis"
261,2433,942,109,"Pseudoferania polylepis"
221,3205,679,92,"Pseudoferania polylepis"
263,1835,1353,110,"Pseudoferania polylepis"
193,2440,3910,69,"Pseudoferania polylepis"
268,1615,1226,96,"Pseudoferania polylepis"
260,2141,1065,115,"Pseudoferania polylepis"
232,3000,727,108,"Pseudoferania polylepis"
267,2278,934,107,"Pseudoferania polylepis"
263,1978,1279,110,"Pseudoferania polylepis"
261,2220,988,105,"Pseudoferania polylepis"
253,1408,1550,112,"Pseudoferania polylepis"
269,2758,831,123,"Pseudoferania polylepis"
277,1704,1340,99,"Pseudoferania polylepis"
275,2044,1141,110,"Pseudoferania polylepis"
273,2652,1005,111,"Pseudoferania polylepis"
248,3024,1056,100,"Pseudoferania polylepis"
250,1746,1292,102,"Pseudoferania polylepis"
261,2109,1010,101,"Pseudoferania polylepis"
263,1044,1628,108,"Pseudoferania polylepis"
268,2113,1139,119,"Pseudoferania polylepis"
234,3020,1690,94,"Pseudoferania polylepis"
273,2297,1002,107,"Pseudoferania polylepis"
270,2254,1169,123,"Pseudoferania polylepis"
268,2481,931,109,"Pseudoferania polylepis"
266,2374,1145,106,"Pseudoferania polylepis"
240,2845,954,116,"Pseudoferania polylepis"
278,1715,1573,104,"Pseudoferania polylepis"
258,1993,1053,114,"Pseudoferania polylepis"
270,2019,1468,106,"Pseudoferania polylepis"
269,2615,936,125,"Pseudoferania polylepis"
263,2582,964,110,"Pseudoferania polylepis"
262,2120,1043,116,"Pseudoferania polylepis"
254,2325,1362,109,"Pseudoferania polylepis"
250,2070,998,117,"Pseudoferania polylepis"
264,2692,853,121,"Pseudoferania polylepis"
265,1706,1351,104,"Pseudoferania polylepis"
209,2835,1465,89,"Pseudoferania polylepis"
268,2572,917,120,"Pseudoferania polylepis"
244,3355,804,91,"Pseudoferania polylepis"
268,3083,779,122,"Pseudoferania polylepis"
236,2098,1171,111,"Pseudoferania polylepis"
237,1899,1572,97,"Pseudoferania polylepis"
266,1405,1687,118,"Pseudoferania polylepis"
268,2959,798,117,"Pseudoferania polylepis"
269,2897,790,123,"Pseudoferania polylepis"
258,1328,1447,118,"Pseudoferania polylepis"
271,2868,753,109,"Pseudoferania polylepis"
209,3025,1536,95,"Pseudoferania polylepis"
254,1479,1249,112,"Pseudoferania polylepis"
227,3369,682,86,"Pseudoferania polylepis"
262,2642,857,108,"Pseudoferania polylepis"
243,3033,1679,94,"Pseudoferania polylepis"
277,1969,1339,113,"Pseudoferania polylepis"
264,2589,879,120,"Pseudoferania polylepis"
267,2660,996,117,"Pseudoferania polylepis"
234,1878,2055,93,"Pseudoferania polylepis"
274,1627,1292,114,"Pseudoferania polylepis"
262,3134,725,121,"Pseudoferania polylepis"
264,2404,915,116,"Pseudoferania polylepis"
258,595,4725,20,"Pseudoferania polylepis"
201,2622,1035,95,"Pseudoferania polylepis"
226,3663,629,94,"Pseudoferania polylepis"
268,2087,1129,119,"Pseudoferania polylepis"
262,1039,1840,105,"Pseudoferania polylepis"
253,2732,976,119,"Pseudoferania polylepis"
257,1898,1110,108,"Pseudoferania polylepis"
232,3167,708,110,"Pseudoferania polylepis"
276,1427,1468,109,"Pseudoferania polylepis"
263,2473,1006,108,"Pseudoferania polylepis"
278,1786,1333,100,"Pseudoferania polylepis"
278,1539,1620,104,"Pseudoferania polylepis"
258,602,2473,46,"Pseudoferania polylepis"
266,1572,1307,96,"Pseudoferania polylepis"
200,2696,2154,78,"Pseudoferania polylepis"
258,1418,1359,103,"Pseudoferania polylepis"
277,1736,1601,104,"Pseudoferania polylepis"
278,1984,1430,106,"Pseudoferania polylepis"
241,2889,739,115,"Pseudoferania polylepis"
266,2110,1108,117,"Pseudoferania polylepis"
262,1216,1536,113,"Pseudoferania polylepis"
259,1331,1842,92,"Pseudoferania polylepis"
262,1643,1284,119,"Pseudoferania polylepis"
269,3196,768,123,"Pseudoferania polylepis"
266,2724,825,122,"Pseudoferania polylepis"
266,2380,1183,105,"Pseudoferania polylepis"
233,2697,731,110,"Pseudoferania polylepis"
267,3294,737,122,"Pseudoferania polylepis"
269,2166,1197,109,"Pseudoferania polylepis"
252,1801,1185,117,"Pseudoferania polylepis"
247,3212,922,94,"Pseudoferania polylepis"
220,3254,731,92,"Pseudoferania polylepis"
210,3111,1015,91,"Pseudoferania polylepis"
272,1316,1888,100,"Pseudoferania polylepis"
258,1064,1766,102,"Pseudoferania polylepis"
263,1433,1530,116,"Pseudoferania polylepis"
260,2446,905,114,"Pseudoferania polylepis"
252,2924,832,117,"Pseudoferania polylepis"
217,2877,822,104,"Pseudoferania polylepis"
269,2457,1092,129,"Pseudoferania polylepis"
243,2824,2315,92,"Pseudoferania polylepis"
258,1665,1331,112,"Pseudoferania polylepis"
269,2753,743,108,"Pseudoferania polylepis"
254,1828,1143,105,"Pseudoferania polylepis"
266,2332,876,105,"Pseudoferania polylepis"
224,2515,949,109,"Pseudoferania polylepis"
259,1767,1385,108,"Pseudoferania polylepis"
263,1180,1649,94,"Pseudoferania polylepis"
225,3443,778,98,"Pseudoferania polylepis"
233,3355,661,111,"Pseudoferania polylepis"
252,3278,770,121,"Pseudoferania polylepis"
270,2573,942,123,"Pseudoferania polylepis"
280,1743,1415,102,"Pseudoferania polylepis"
270,3072,787,116,"Pseudoferania polylepis"
262,2200,941,108,"Pseudoferania polylepis"
210,2968,1011,89,"Pseudoferania polylepis"
268,2396,948,109,"Pseudoferania polylepis"
261,2498,936,117,"Pseudoferania polylepis"
260,1669,1132,110,"Pseudoferania polylepis"
227,3149,994,112,"Pseudoferania polylepis"
262,1786,1237,121,"Pseudoferania polylepis"
277,1491,1838,104,"Pseudoferania polylepis"
248,1319,1785,96,"Pseudoferania polylepis"
263,860,1808,59,"Pseudoferania polylepis"
264,2113,1115,116,"Pseudoferania polylepis"
275,1327,1370,97,"Pseudoferania polylepis"
256,757,2474,41,"Pseudoferania polylepis"
246,1595,1367,118,"Pseudoferania polylepis"
221,3294,739,92,"Pseudoferania polylepis"
270,2398,1049,120,"Pseudoferania polylepis"
268,2120,998,106,"Pseudoferania polylepis"
275,1256,1689,97,"Pseudoferania polylepis"
277,2167,1127,110,"Pseudoferania polylepis"
266,2387,974,116,"Pseudoferania polylepis"
267,2246,1507,107,"Pseudoferania polylepis"
263,3546,694,119,"Pseudoferania polylepis"
279,1622,1576,106,"Pseudoferania polylepis"
269,2323,1100,120,"Pseudoferania polylepis"
261,2802,871,118,"Pseudoferania polylepis"
262,2647,884,107,"Pseudoferania polylepis"
278,1915,1426,102,"Pseudoferania polylepis"
257,2007,1084,113,"Pseudoferania polylepis"
235,3520,554,82,"Pseudoferania polylepis"
258,598,5215,13,"Pseudoferania polylepis"
266,2096,1133,118,"Pseudoferania polylepis"
267,2669,857,122,"Pseudoferania polylepis"
253,1539,1602,110,"Pseudoferania polylepis"
256,554,3973,31,"Pseudoferania polylepis"
253,2192,1469,111,"Pseudoferania polylepis"
259,1454,1600,118,"Pseudoferania polylepis"
265,1734,1273,100,"Pseudoferania polylepis"
257,679,2359,44,"Pseudoferania polylepis"
275,1757,1396,102,"Pseudoferania polylepis"
265,1438,1628,116,"Pseudoferania polylepis"
228,2859,950,108,"Pseudoferania polylepis"
272,1557,1416,111,"Pseudoferania polylepis"
259,620,2338,48,"Pseudoferania polylepis"
276,1497,1768,103,"Pseudoferania polylepis"
278,1523,1704,103,"Pseudoferania polylepis"
259,1905,1064,117,"Pseudoferania polylepis"
273,2200,1266,110,"Pseudoferania polylepis"
269,2534,832,108,"Pseudoferania polylepis"
275,1639,1834,105,"Pseudoferania polylepis"
277,1885,1430,106,"Pseudoferania polylepis"
276,1776,1566,105,"Pseudoferania polylepis"
226,3414,828,105,"Pseudoferania polylepis"
263,2987,733,120,"Pseudoferania polylepis"
259,1793,1194,112,"Pseudoferania polylepis"
277,1590,1677,102,"Pseudoferania polylepis"
263,1058,1691,112,"Pseudoferania polylepis"
228,3004,792,110,"Pseudoferania polylepis"
279,1714,1370,99,"Pseudoferania polylepis"
244,1628,1572,106,"Pseudoferania polylepis"
258,2100,1082,108,"Pseudoferania polylepis"
260,2587,946,107,"Pseudoferania polylepis"
256,2149,1130,101,"Pseudoferania polylepis"
222,3504,657,99,"Pseudoferania polylepis"
276,1772,1419,108,"Pseudoferania polylepis"
269,2771,810,123,"Pseudoferania polylepis"
254,1939,2360,90,"Pseudoferania polylepis"
233,2491,929,115,"Pseudoferania polylepis"
260,3021,842,121,"Pseudoferania polylepis"
229,3411,761,107,"Pseudoferania polylepis"
263,1787,1174,113,"Pseudoferania polylepis"
227,3450,631,106,"Pseudoferania polylepis"
275,2223,1091,108,"Pseudoferania polylepis"
224,3537,671,95,"Pseudoferania polylepis"
248,1838,1301,104,"Pseudoferania polylepis"
266,1148,1641,113,"Pseudoferania polylepis"
258,548,2817,42,"Pseudoferania polylepis"
267,2805,819,109,"Pseudoferania polylepis"
263,2804,949,118,"Pseudoferania polylepis"
268,1675,1335,108,"Pseudoferania polylepis"
258,773,2618,41,"Pseudoferania polylepis"
271,2893,803,123,"Pseudoferania polylepis"
262,1115,1646,97,"Pseudoferania polylepis"
277,1824,1586,103,"Pseudoferania polylepis"
246,3452,722,119,"Pseudoferania polylepis"
255,742,2335,45,"Pseudoferania polylepis"
253,1839,1123,113,"Pseudoferania polylepis"
258,1229,1502,111,"Pseudoferania polylepis"
254,734,3137,29,"Pseudoferania polylepis"
257,566,3840,24,"Pseudoferania polylepis"
276,2164,1252,108,"Pseudoferania polylepis"
259,1321,1723,92,"Pseudoferania polylepis"
242,3295,700,114,"Pseudoferania polylepis"
257,1673,1185,117,"Pseudoferania polylepis"
262,1898,1089,113,"Pseudoferania polylepis"
260,817,1717,51,"Pseudoferania polylepis"
268,2022,1213,123,"Pseudoferania polylepis"
268,2089,1386,108,"Pseudoferania polylepis"
271,2679,939,114,"Pseudoferania polylepis"
255,2635,914,116,"Pseudoferania polylepis"
254,3031,776,118,"Pseudoferania polylepis"
228,3516,665,91,"Pseudoferania polylepis"
239,2822,1942,92,"Pseudoferania polylepis"
242,2455,810,114,"Pseudoferania polylepis"
262,2824,939,121,"Pseudoferania polylepis"
259,2588,870,107,"Pseudoferania polylepis"
268,1877,1088,107,"Pseudoferania polylepis"
266,2849,757,121,"Pseudoferania polylepis"
265,2133,1076,115,"Pseudoferania polylepis"
248,2328,2029,76,"Pseudoferania polylepis"
260,1854,1084,112,"Pseudoferania polylepis"
259,798,2268,48,"Pseudoferania polylepis"
270,1496,1473,109,"Pseudoferania polylepis"
278,1960,1295,105,"Pseudoferania polylepis"
221,2546,927,108,"Pseudoferania polylepis"
270,2710,897,125,"Pseudoferania polylepis"
233,2245,1137,102,"Pseudoferania polylepis"
266,2603,838,105,"Pseudoferania polylepis"
258,1241,1678,97,"Pseudoferania polylepis"
278,1631,1719,107,"Pseudoferania polylepis"
263,2070,1308,109,"Pseudoferania polylepis"
278,1592,1577,105,"Pseudoferania polylepis"
271,2887,798,122,"Pseudoferania polylepis"
243,2004,1642,94,"Pseudoferania polylepis"
268,2707,862,113,"Pseudoferania polylepis"
262,863,1650,61,"Pseudoferania polylepis"
265,2551,1288,122,"Pseudoferania polylepis"
238,3539,607,82,"Pseudoferania polylepis"
263,2039,1308,106,"Pseudoferania polylepis"
239,2145,960,112,"Pseudoferania polylepis"
271,2892,722,112,"Pseudoferania polylepis"
234,3442,611,83,"Pseudoferania polylepis"
270,3006,780,124,"Pseudoferania polylepis"
271,2008,1433,104,"Pseudoferania polylepis"
275,2058,1206,104,"Pseudoferania polylepis"
253,1574,1324,115,"Pseudoferania polylepis"
266,1044,1634,102,"Pseudoferania polylepis"
251,3487,762,123,"Pseudoferania polylepis"
258,2396,1174,111,"Pseudoferania polylepis"
265,2617,937,122,"Pseudoferania polylepis"
233,3347,895,87,"Pseudoferania polylepis"
274,1543,1272,110,"Pseudoferania polylepis"
250,2014,920,114,"Pseudoferania polylepis"
262,1220,1611,97,"Pseudoferania polylepis"
268,3054,864,112,"Pseudoferania polylepis"
279,1632,1566,105,"Pseudoferania polylepis"
260,1196,1480,114,"Pseudoferania polylepis"
258,2219,1110,105,"Pseudoferania polylepis"
268,1171,1641,118,"Pseudoferania polylepis"
220,3464,721,104,"Pseudoferania polylepis"
271,1640,1299,111,"Pseudoferania polylepis"
247,1953,1808,90,"Pseudoferania polylepis"
265,1677,1402,106,"Pseudoferania polylepis"
264,1442,1703,117,"Pseudoferania polylepis"
276,2020,1485,109,"Pseudoferania polylepis"
269,2017,1033,104,"Pseudoferania polylepis"
278,1690,1568,109,"Pseudoferania polylepis"
260,1181,1619,102,"Pseudoferania polylepis"
267,2628,870,121,"Pseudoferania polylepis"
204,2980,1623,92,"Pseudoferania polylepis"
263,830,1645,66,"Pseudoferania polylepis"
271,2991,872,109,"Pseudoferania polylepis"
258,2815,896,116,"Pseudoferania polylepis"
218,3203,810,91,"Pseudoferania polylepis"
267,1412,1453,96,"Pseudoferania polylepis"
260,2488,1090,107,"Pseudoferania polylepis"
265,1366,1518,117,"Pseudoferania polylepis"
257,2105,1386,103,"Pseudoferania polylepis"
257,575,3987,22,"Pseudoferania polylepis"
270,2525,999,125,"Pseudoferania polylepis"
230,3684,660,91,"Pseudoferania polylepis"
270,2855,818,123,"Pseudoferania polylepis"
270,2328,1128,126,"Pseudoferania polylepis"
276,2538,967,114,"Pseudoferania polylepis"
270,2632,806,109,"Pseudoferania polylepis"
268,2805,800,123,"Pseudoferania polylepis"
269,2304,1121,119,"Pseudoferania polylepis"
266,2538,876,120,"Pseudoferania polylepis"
210,3149,1024,91,"Pseudoferania polylepis"
260,830,1816,55,"Pseudoferania polylepis"
269,2963,879,108,"Pseudoferania polylepis"
202,2564,1126,92,"Pseudoferania polylepis"
260,2524,958,107,"Pseudoferania polylepis"
269,2547,1036,128,"Pseudoferania polylepis"
270,2336,1133,128,"Pseudoferania polylepis"
271,1869,1133,110,"Pseudoferania polylepis"
269,1145,1726,121,"Pseudoferania polylepis"
266,3154,778,122,"Pseudoferania polylepis"
267,1706,1210,100,"Pseudoferania polylepis"
261,2091,1340,103,"Pseudoferania polylepis"
266,2034,1214,121,"Pseudoferania polylepis"
275,1281,1731,100,"Pseudoferania polylepis"
225,3465,715,107,"Pseudoferania polylepis"
268,2621,868,121,"Pseudoferania polylepis"
257,743,2232,46,"Pseudoferania polylepis"
260,1656,1297,118,"Pseudoferania polylepis"
266,2081,1664,103,"Pseudoferania polylepis"
269,2846,806,109,"Pseudoferania polylepis"
270,2493,1006,124,"Pseudoferania polylepis"
267,1722,1236,99,"Pseudoferania polylepis"
259,585,5496,14,"Pseudoferania polylepis"
227,3536,607,95,"Pseudoferania polylepis"
265,2588,825,113,"Pseudoferania polylepis"
278,1624,1604,107,"Pseudoferania polylepis"
251,2231,1923,92,"Pseudoferania polylepis"
261,1552,1489,118,"Pseudoferania polylepis"
278,1836,1280,102,"Pseudoferania polylepis"
269,2793,828,123,"Pseudoferania polylepis"
232,3429,643,83,"Pseudoferania polylepis"
257,1563,1413,115,"Pseudoferania polylepis"
258,1362,1461,110,"Pseudoferania polylepis"
254,2216,1066,115,"Pseudoferania polylepis"
266,2723,968,117,"Pseudoferania polylepis"
267,2064,1156,100,"Pseudoferania polylepis"
276,1699,1675,103,"Pseudoferania polylepis"
264,2996,762,123,"Pseudoferania polylepis"
255,2321,1063,106,"Pseudoferania polylepis"
242,3133,824,116,"Pseudoferania polylepis"
267,1406,1577,117,"Pseudoferania polylepis"
263,2972,882,118,"Pseudoferania polylepis"
242,3056,800,113,"Pseudoferania polylepis"
253,2748,983,117,"Pseudoferania polylepis"
251,1520,1173,116,"Pseudoferania polylepis"
266,2819,916,112,"Pseudoferania polylepis"
258,766,2072,47,"Pseudoferania polylepis"
264,2202,1249,108,"Pseudoferania polylepis"
268,2705,846,123,"Pseudoferania polylepis"
266,2303,914,104,"Pseudoferania polylepis"
252,2283,1160,107,"Pseudoferania polylepis"
261,814,1688,55,"Pseudoferania polylepis"
232,2181,773,110,"Pseudoferania polylepis"
219,3365,881,92,"Pseudoferania polylepis"
269,2127,1189,99,"Pseudoferania polylepis"
270,2785,848,124,"Pseudoferania polylepis"
228,2186,1284,104,"Pseudoferania polylepis"
267,2304,1009,114,"Pseudoferania polylepis"
221,3218,715,91,"Pseudoferania polylepis"
260,1458,1406,111,"Pseudoferania polylepis"
271,2956,762,122,"Pseudoferania polylepis"
271,2729,990,110,"Pseudoferania polylepis"
276,1396,1559,103,"Pseudoferania polylepis"
257,2515,886,115,"Pseudoferania polylepis"
251,1970,1229,104,"Pseudoferania polylepis"
228,3466,641,101,"Pseudoferania polylepis"
264,1435,1736,117,"Pseudoferania polylepis"
269,1730,1466,126,"Pseudoferania polylepis"
216,3129,787,90,"Pseudoferania polylepis"
270,2539,986,125,"Pseudoferania polylepis"
244,2813,856,114,"Pseudoferania polylepis"
269,3027,810,114,"Pseudoferania polylepis"
278,1547,1586,103,"Pseudoferania polylepis"
268,1566,1471,119,"Pseudoferania polylepis"
266,2521,871,120,"Pseudoferania polylepis"
272,3033,725,121,"Pseudoferania polylepis"
257,2401,1030,107,"Pseudoferania polylepis"
240,2626,1030,113,"Pseudoferania polylepis"
277,1569,1451,105,"Pseudoferania polylepis"
265,1183,1909,117,"Pseudoferania polylepis"
220,2472,910,99,"Pseudoferania polylepis"
262,2553,854,109,"Pseudoferania polylepis"
270,2459,1036,124,"Pseudoferania polylepis"
259,2257,968,106,"Pseudoferania polylepis"
273,1648,1188,111,"Pseudoferania polylepis"
261,795,1716,62,"Pseudoferania polylepis"
267,1059,1637,113,"Pseudoferania polylepis"
250,2082,1073,114,"Pseudoferania polylepis"
256,1816,1120,120,"Pseudoferania polylepis"
269,2452,999,117,"Pseudoferania polylepis"
257,1798,1337,110,"Pseudoferania polylepis"
256,579,4169,22,"Pseudoferania polylepis"
258,1906,1093,110,"Pseudoferania polylepis"
228,2521,813,114,"Pseudoferania polylepis"
254,1611,1184,115,"Pseudoferania polylepis"
273,1587,1258,110,"Pseudoferania polylepis"
258,2282,950,112,"Pseudoferania polylepis"
274,1463,1366,107,"Pseudoferania polylepis"
256,2285,945,111,"Pseudoferania polylepis"
278,1516,1545,104,"Pseudoferania polylepis"
267,2610,1060,109,"Pseudoferania polylepis"
271,2849,822,123,"Pseudoferania polylepis"
227,3638,547,94,"Pseudoferania polylepis"
257,790,3559,27,"Pseudoferania polylepis"
253,732,2842,35,"Pseudoferania polylepis"
258,1252,1555,97,"Pseudoferania polylepis"
259,1932,1057,112,"Pseudoferania polylepis"
261,819,1673,53,"Pseudoferania polylepis"
255,758,2608,42,"Pseudoferania polylepis"
267,2182,946,101,"Pseudoferania polylepis"
269,2065,1118,101,"Pseudoferania polylepis"
231,3310,701,107,"Pseudoferania polylepis"
268,2881,873,107,"Pseudoferania polylepis"
244,2741,2516,77,"Pseudoferania polylepis"
278,1865,1567,107,"Pseudoferania polylepis"
269,1946,1278,126,"Pseudoferania polylepis"
266,1831,1123,105,"Pseudoferania polylepis"
270,3024,839,108,"Pseudoferania polylepis"
256,750,2279,41,"Pseudoferania polylepis"
259,1848,1418,109,"Pseudoferania polylepis"
258,3171,750,120,"Pseudoferania polylepis"
274,1510,1277,110,"Pseudoferania polylepis"
252,2058,1077,115,"Pseudoferania polylepis"
270,2055,1255,124,"Pseudoferania polylepis"
275,1679,1672,110,"Pseudoferania polylepis"
266,2806,887,113,"Pseudoferania polylepis"
256,2272,1135,105,"Pseudoferania polylepis"
256,2108,966,116,"Pseudoferania polylepis"
269,1821,1299,109,"Pseudoferania polylepis"
255,2276,1091,107,"Pseudoferania polylepis"
271,2710,940,110,"Pseudoferania polylepis"
222,3682,751,93,"Pseudoferania polylepis"
257,1882,1133,108,"Pseudoferania polylepis"
267,1546,1686,122,"Pseudoferania polylepis"
259,1946,1081,113,"Pseudoferania polylepis"
276,1640,1581,109,"Pseudoferania polylepis"
256,584,4404,18,"Pseudoferania polylepis"
260,1946,1060,115,"Pseudoferania polylepis"
263,1775,1309,109,"Pseudoferania polylepis"
203,2894,2212,91,"Pseudoferania polylepis"
259,2018,1072,115,"Pseudoferania polylepis"
271,2925,787,124,"Pseudoferania polylepis"
277,1951,1187,109,"Pseudoferania polylepis"
270,1340,1761,105,"Pseudoferania polylepis"
271,2656,980,116,"Pseudoferania polylepis"
268,2884,776,124,"Pseudoferania polylepis"
266,2832,827,112,"Pseudoferania polylepis"
277,1893,1417,102,"Pseudoferania polylepis"
270,2519,991,124,"Pseudoferania polylepis"
269,2385,1044,117,"Pseudoferania polylepis"
256,547,3253,36,"Pseudoferania polylepis"
274,1305,1366,104,"Pseudoferania polylepis"
275,1826,1497,103,"Pseudoferania polylepis"
274,1552,1170,107,"Pseudoferania polylepis"
270,2982,777,124,"Pseudoferania polylepis"
269,2685,879,111,"Pseudoferania polylepis"
275,1872,1611,104,"Pseudoferania polylepis"
269,2880,778,123,"Pseudoferania polylepis"
268,2176,977,107,"Pseudoferania polylepis"
257,549,4072,20,"Pseudoferania polylepis"
226,3296,754,87,"Pseudoferania polylepis"
264,2349,950,109,"Pseudoferania polylepis"
215,3166,976,91,"Pseudoferania polylepis"
277,1740,1571,108,"Pseudoferania polylepis"
268,2550,1036,127,"Pseudoferania polylepis"
243,3377,753,90,"Pseudoferania polylepis"
277,2077,1372,106,"Pseudoferania polylepis"
215,2373,1279,104,"Pseudoferania polylepis"
273,1805,1115,107,"Pseudoferania polylepis"
224,3588,701,95,"Pseudoferania polylepis"
219,3230,777,97,"Pseudoferania polylepis"
267,1676,1245,97,"Pseudoferania polylepis"
269,2632,948,126,"Pseudoferania polylepis"
270,2944,784,124,"Pseudoferania polylepis"
261,3274,780,123,"Pseudoferania polylepis"
255,1889,1085,115,"Pseudoferania polylepis"
266,2459,1027,110,"Pseudoferania polylepis"
270,2912,741,110,"Pseudoferania polylepis"
270,2746,862,123,"Pseudoferania polylepis"
269,2865,970,113,"Pseudoferania polylepis"
248,1652,1401,106,"Pseudoferania polylepis"
269,1567,1597,123,"Pseudoferania polylepis"
266,1799,1449,127,"Pseudoferania polylepis"
254,744,2553,42,"Pseudoferania polylepis"
264,2035,1246,100,"Pseudoferania polylepis"
260,1266,1451,110,"Pseudoferania polylepis"
270,2940,894,109,"Pseudoferania polylepis"
253,2373,815,111,"Pseudoferania polylepis"
259,598,2427,47,"Pseudoferania polylepis"
269,2244,1158,122,"Pseudoferania polylepis"
260,2657,991,112,"Pseudoferania polylepis"
262,1461,1494,118,"Pseudoferania polylepis"
258,2151,1330,111,"Pseudoferania polylepis"
258,1990,1021,113,"Pseudoferania polylepis"
264,2472,1097,112,"Pseudoferania polylepis"
257,2321,1130,105,"Pseudoferania polylepis"
254,2385,840,112,"Pseudoferania polylepis"
267,2715,835,122,"Pseudoferania polylepis"
273,2745,802,111,"Pseudoferania polylepis"
259,572,5170,12,"Pseudoferania polylepis"
260,2013,1091,99,"Pseudoferania polylepis"
258,592,5432,13,"Pseudoferania polylepis"
269,2436,1005,117,"Pseudoferania polylepis"
259,3128,820,121,"Pseudoferania polylepis"
257,1877,1215,116,"Pseudoferania polylepis"
268,2593,884,109,"Pseudoferania polylepis"
278,2147,1062,112,"Pseudoferania polylepis"
235,3275,1023,91,"Pseudoferania polylepis"
262,1711,1280,120,"Pseudoferania polylepis"
261,1592,1427,117,"Pseudoferania polylepis"
275,1305,1478,97,"Pseudoferania polylepis"
277,1666,1384,110,"Pseudoferania polylepis"
271,2623,892,116,"Pseudoferania polylepis"
274,1849,1432,107,"Pseudoferania polylepis"
266,1665,1321,103,"Pseudoferania polylepis"
272,1597,1273,110,"Pseudoferania polylepis"
267,2890,863,113,"Pseudoferania polylepis"
226,3644,605,93,"Pseudoferania polylepis"
270,2801,676,111,"Pseudoferania polylepis"
263,1263,1508,115,"Pseudoferania polylepis"
264,3335,763,123,"Pseudoferania polylepis"
269,2400,1118,129,"Pseudoferania polylepis"
272,2392,1001,107,"Pseudoferania polylepis"
254,3189,910,123,"Pseudoferania polylepis"
255,1444,1568,106,"Pseudoferania polylepis"
233,2164,902,110,"Pseudoferania polylepis"
267,3285,732,122,"Pseudoferania polylepis"
264,2654,929,123,"Pseudoferania polylepis"
262,1866,1115,114,"Pseudoferania polylepis"
264,2561,978,114,"Pseudoferania polylepis"
265,1913,1295,125,"Pseudoferania polylepis"
259,1088,1659,108,"Pseudoferania polylepis"
210,2804,1258,88,"Pseudoferania polylepis"
278,1656,1614,109,"Pseudoferania polylepis"
253,2070,1065,112,"Pseudoferania polylepis"
268,1709,1491,125,"Pseudoferania polylepis"
265,1036,1782,103,"Pseudoferania polylepis"
271,2272,1158,108,"Pseudoferania polylepis"
242,2055,1248,107,"Pseudoferania polylepis"
256,2163,1060,111,"Pseudoferania polylepis"
265,3085,767,117,"Pseudoferania polylepis"
257,2588,1070,105,"Pseudoferania polylepis"
257,1762,1476,110,"Pseudoferania polylepis"
269,2578,906,121,"Pseudoferania polylepis"
194,2181,4614,65,"Pseudoferania polylepis"
262,822,1689,61,"Pseudoferania polylepis"
255,1537,1188,115,"Pseudoferania polylepis"
262,2535,853,109,"Pseudoferania polylepis"
269,1485,1661,124,"Pseudoferania polylepis"
261,2466,902,115,"Pseudoferania polylepis"
269,2162,1174,120,"Pseudoferania polylepis"
219,3226,786,86,"Pseudoferania polylepis"
269,1284,1994,124,"Pseudoferania polylepis"
265,2848,757,120,"Pseudoferania polylepis"
265,2619,1162,111,"Pseudoferania polylepis"
262,2807,846,121,"Pseudoferania polylepis"
256,1386,1378,100,"Pseudoferania polylepis"
275,1348,1392,109,"Pseudoferania polylepis"
273,1539,1330,108,"Pseudoferania polylepis"
266,2748,758,114,"Pseudoferania polylepis"
271,3093,754,123,"Pseudoferania polylepis"
270,2932,841,108,"Pseudoferania polylepis"
267,1667,1368,108,"Pseudoferania polylepis"
260,1701,1273,119,"Pseudoferania polylepis"
250,1637,1480,112,"Pseudoferania polylepis"
270,1939,1083,110,"Pseudoferania polylepis"
266,2738,825,112,"Pseudoferania polylepis"
221,2239,1696,92,"Pseudoferania polylepis"
266,2835,965,110,"Pseudoferania polylepis"
257,3096,740,119,"Pseudoferania polylepis"
266,2665,848,122,"Pseudoferania polylepis"
275,1335,1427,108,"Pseudoferania polylepis"
275,1389,1447,109,"Pseudoferania polylepis"
268,1983,1185,108,"Pseudoferania polylepis"
227,3411,758,91,"Pseudoferania polylepis"
266,2132,1132,104,"Pseudoferania polylepis"
274,2588,866,108,"Pseudoferania polylepis"
263,2703,850,111,"Pseudoferania polylepis"
272,2239,1149,110,"Pseudoferania polylepis"
267,3015,765,118,"Pseudoferania polylepis"
276,2211,1224,112,"Pseudoferania polylepis"
259,3184,732,122,"Pseudoferania polylepis"
225,3315,704,98,"Pseudoferania polylepis"
253,1300,1640,106,"Pseudoferania polylepis"
222,2884,741,105,"Pseudoferania polylepis"
271,2856,772,109,"Pseudoferania polylepis"
277,1706,1520,109,"Pseudoferania polylepis"
256,545,3281,40,"Pseudoferania polylepis"
213,3011,910,100,"Pseudoferania polylepis"
276,1683,1576,110,"Pseudoferania polylepis"
268,2789,773,110,"Pseudoferania polylepis"
257,1603,1368,117,"Pseudoferania polylepis"
258,564,3045,30,"Pseudoferania polylepis"
223,3565,613,94,"Pseudoferania polylepis"
231,2207,839,111,"Pseudoferania polylepis"
